1 "LAYING" 0.0213659655642 0.00306040735 -0.001666984698 0.08443716468 0.4267062264 -0.52034381798 -0.35241310896 0.22159824394 -0.0405139534294 -0.11320355358
2 "LAYING" 0.005791809625 -0.00635557646875 0.0652860108125 -0.0293710088554167 0.617423415625 -0.519732551458333 -0.478928233958333 0.281373403958333 -0.0181587397583333 -0.107245610416667
3 "LAYING" 0.0178959376270161 0.0166479534356452 0.0455874765919355 0.0317261682790323 0.423505857096774 -0.630062847096774 -0.346243070483871 0.275516852741935 -0.0189556785048387 -0.101300477506452
4 "LAYING" -0.00235775253703703 -0.0155037568068519 0.0071296052962963 0.036656730987037 0.553489757592593 -0.763217167407407 -0.229790432925926 0.263559214981481 -0.0150031841055556 -0.110688150314815
5 "LAYING" 0.0212091926730769 0.0553647963480769 -0.00581288916980769 -0.0344420261538462 0.598732659615385 -0.825299860384615 -0.168146326730769 0.278334325576923 -0.0183042123269231 -0.107937603673077
6 "LAYING" 0.0049894390845614 0.032217035422807 0.0859389874070175 -0.0350566811964912 0.593394403508772 -0.874567701929825 -0.106624418668421 0.248656520140351 -0.0102529170561404 -0.133119570368421
7 "LAYING" 0.0364477050365385 0.0199228239403846 0.0630163120384615 0.0486243772639231 0.612487997884615 -0.207518642153846 -0.808553756346154 0.250176694038462 -0.0204411516884615 -0.101361036576923
8 "LAYING" -0.0244904310703704 -0.0219448739555556 0.0106333070925926 0.0137316829166667 0.542597408518519 -0.400681373333333 -0.601885211481481 0.261254282907407 -0.0212281733881481 -0.102245365611111
9 "LAYING" 0.000991077232 -0.021817851338 0.052062224042 0.018204470058 0.6688739754 0.1707890725 -0.873649367 0.2591955368 -0.020526821662 -0.10754972144
10 "LAYING" -0.0238729803927759 -0.0121815291103448 0.0199111335706897 0.0583224275034483 0.577222397758621 0.213834852672414 0.105926376896552 0.280230574137931 -0.024294484137931 -0.117168642362069
11 "LAYING" 0.00275033849298246 0.00143538724210526 -0.0220259476017544 0.0529916131647368 0.345277759649123 -0.813130779824561 -0.0593468643842105 0.280592970877193 -0.0176598052315789 -0.108786578070175
12 "LAYING" 0.0042722982335 0.0232429679216667 0.0309709505313333 0.0118416841333333 0.523178415166667 -0.6500380555 -0.213235641316667 0.260113433 -0.0175203917146667 -0.108160125666667
13 "LAYING" -0.000126342648387096 0.00324191442096774 0.0857282517490323 -0.00488786835483871 0.361210751451613 -0.475624695645161 -0.477526561935484 0.276716360483871 -0.020440454366129 -0.104331864532258
14 "LAYING" 0.017729670654902 0.0116599807576471 0.0458760838431373 0.0230340470960784 0.349115950039216 -0.277020596862745 -0.68876681 0.233275439803922 -0.0113424652490196 -0.0868333315509804
15 "LAYING" 0.00415722316152778 -0.0187121703680556 -0.0294509539583333 0.00183580722083333 0.372891310277778 -0.719412830416667 0.0489176476388889 0.2894756525 -0.0166296542054167 -0.118530240291667
16 "LAYING" 0.0539272789731429 0.0259656101685714 0.00521399480614286 0.0564784675285714 0.398207971714286 0.0982209111428571 -0.756497965428571 0.274227162571429 -0.0166103510562857 -0.107310493242857
17 "LAYING" 0.00777276090309859 0.0190444742957746 0.0150996692507042 -0.0530255507746479 0.395076582253521 -0.426235558450704 -0.555002876901408 0.269780085577465 -0.0168462006729577 -0.107006279704225
18 "LAYING" 0.00780201507692308 0.0285001830563077 0.00323848521692308 0.0290040708784615 0.410902149384615 -0.512391751230769 -0.463402676923077 0.274691576923077 -0.0173937684615385 -0.107698927907692
19 "LAYING" -0.0211074851851807 0.0113723793 0.0237185899156627 -0.0231373792650602 0.737784354819277 -0.476491760481928 -0.504427518072289 0.272653733493976 -0.0171426864421687 -0.10898146186747
20 "LAYING" 0.00103809244558823 0.0201551673544118 0.0627119737058824 -0.0641137736205882 0.589963054264706 -0.656294175441177 -0.331485784264706 0.239507882205882 -0.0144406281132353 -0.104274322538235
21 "LAYING" 7.52968693333333e-05 0.0209488810833333 0.0771675159455556 -0.0414774911111111 0.377040938888889 -0.364984985222222 -0.613696120222222 0.271325472455556 -0.0184233048415556 -0.103253832233333
22 "LAYING" 0.0276393547430556 0.0484043605875 0.00993819332222222 0.0510977907694444 0.552457232083333 -0.399009865138889 -0.603348695833333 0.279959721194444 -0.0142629864502778 -0.110800924652778
23 "LAYING" 0.0157281639125 -0.008233394775 0.105744482036111 0.00520700388888889 0.533234986111111 -0.232646383194444 -0.781769061527778 0.274038007986111 -0.0216553835833333 -0.104256776291667
24 "LAYING" 0.0169966002519444 0.00373768258055556 0.0431254071527778 0.00824536256944445 0.510360052361111 -0.494414754583333 -0.505943181111111 0.272850494930556 -0.0173555210111111 -0.107236237236111
25 "LAYING" 0.0683084738424658 0.203259965863014 -0.0637531658986301 0.0263012769410959 0.586050049726027 -0.452959325273973 -0.416502209109589 0.250791828613699 -0.0188943663671233 -0.100428830260274
26 "LAYING" -4.19627976315778e-05 0.02649011025 -0.0106550011052632 -7.91468210526309e-05 0.695743517105263 -0.557477087236842 -0.438577144736842 0.271645864540789 -0.0191895728026316 -0.105002540289474
27 "LAYING" 0.0216426473783784 -0.00947344800405405 -0.0190230964837838 -0.0215434865810811 0.631986244324324 -0.335722056216216 -0.67651559527027 0.274102492432432 -0.0179867611216216 -0.107699732837838
28 "LAYING" 0.03881748636 -0.0392425155825 0.0207646471 0.05152231346375 0.603392467625 -0.02646734825 0.050311426875 0.2759134825 -0.0167537858225 -0.1083448529625
29 "LAYING" -0.0125185704144928 -0.00848450109014493 -0.0573700310681159 0.00342009472173913 0.501421273913043 -0.573422049130435 -0.423473279130435 0.287295196811594 -0.0171965484202899 -0.109462068173913
30 "LAYING" -0.0106131241642857 0.0369006013185714 0.0372059086285714 0.0173554758285714 0.499848737857143 -0.492287025857143 -0.507019938285714 0.281033900571429 -0.0194494098614286 -0.1036581505
1 "SITTING" 0.0274415479191489 0.0297097878297872 0.0676981338723404 -0.064881619087234 -0.591247480212766 -0.0604660253808511 -0.218017225106383 0.261237565425532 -0.00130828765170213 -0.104544182255319
2 "SITTING" 0.0395284311165435 -0.00339286689565217 0.0209731695434783 -0.0762041966043478 -0.774436094565217 0.155857278304348 -0.118224398621739 0.27708735173913 -0.0156879937282609 -0.109218272456522
3 "SITTING" 0.0327172863134615 0.00407829679403846 0.0643706655192308 -0.0252355469096154 -0.759811921923077 -0.00632480140384615 -0.0783934904807692 0.257197599134615 -0.00350299841730769 -0.0983579203269231
4 "SITTING" -0.010753474716 -0.0075990574098 -0.032687279624 -0.0595747229 -0.7102762428 -0.07099878796 -0.0563298907436 0.27153827992 -0.007163065158 -0.10587459588
5 "SITTING" 0.0287036466522727 -0.0209532538863636 -0.0178752189840909 -0.0885933937022727 -0.730101663409091 -0.0384493972045455 -0.0806862754545455 0.273694139545455 -0.00990083527045455 -0.108540300265909
6 "SITTING" 0.00232762371945455 -0.0238156430418182 0.0479272445938182 -0.0351476023527273 -0.784772392909091 0.0360512934927273 -0.02782276988 0.276778487454545 -0.0145911615290909 -0.110127728709091
7 "SITTING" 0.01363659838625 -0.03875147675625 -0.0183698506666667 -0.0327575471666667 -0.930654288541667 0.079731682625 -0.02380785876875 0.284674637291667 -0.01461097580375 -0.122464597625
8 "SITTING" 0.0119896311543478 -0.0175702777717391 0.0121244455695652 -0.0380769897826087 -0.616080375869565 -0.0866948140826087 -0.169509303978261 0.267491472934783 -0.00672550621304348 -0.104461049130435
9 "SITTING" 0.0213074293 -0.031930473586 0.01983366452 -0.0944429619 -0.8064137502 0.1131528324 -0.041913115972 0.24832674354 -0.02701677698 -0.07537846886
10 "SITTING" -0.000753881064814814 0.0412403814888889 0.00358191413875926 -0.0539752572944444 -0.542518750925926 0.108799259925926 -0.121936849888889 0.270612056481481 -0.015042681852037 -0.104253238796296
11 "SITTING" -0.0117860105754717 -0.010568244054717 -0.00398002958490566 -0.0254148949339623 -0.663459875471698 -0.0686398358490566 -0.112035600849057 0.276590197358491 -0.0149195616754717 -0.112840218339623
12 "SITTING" 0.0156315910333137 -0.0246810833392157 0.0616507166980392 -0.0166771725082353 -0.826322427058824 0.0252192275666667 -0.0422271070156863 0.275007224901961 -0.0157892988523529 -0.106307228960784
13 "SITTING" -0.0313853361489796 0.0209112877122449 0.0302309096714286 -0.019921940122449 -0.788776798979592 0.0119882938979592 -0.0324103521183673 0.274328499591837 -0.00587732936326531 -0.0972465110836735
14 "SITTING" 0.0276023255666667 0.014669054387037 0.00323595271481481 -0.0595805713703704 -0.804409417777778 0.108708410814815 0.0892149622222222 0.279990577037037 -0.00870565463888889 -0.100401490425926
15 "SITTING" 0.00128044672722034 0.0122376311237288 0.027477776 -0.0080464752279661 -0.734755767966102 -0.0659028501152542 0.019615626 0.27290337979661 -0.0117188472271186 -0.11366125320339
16 "SITTING" 0.0179629102608696 -0.000160159956521735 0.00778734771304348 -0.0231777141086957 -0.79971926884058 0.142999748768116 -0.0411259984489855 0.280768574492754 -0.0102497939956522 -0.0891404038405797
17 "SITTING" -0.0091761503225 0.00281352192328125 0.02454278904375 -0.0571530263296875 -0.81445408953125 0.085758277453125 0.117860678351562 0.2773570196875 -0.014156274084375 -0.11362408509375
18 "SITTING" 0.0146348425982456 0.0111668165140351 -0.040857837877193 -0.048496385377193 -0.740786431578947 -0.00746888583912281 -0.092884205877193 0.27727001877193 -0.0128691279736842 -0.111904775824561
19 "SITTING" 0.0358415172794521 -0.0203678172205479 -0.000867430025479454 0.0441186431780822 -0.304548450821918 -0.176317791671233 -0.348064872739726 0.273830316164384 -0.016739260030137 -0.10870765430137
20 "SITTING" 0.0295022701836364 0.0217677662666667 -0.00599574422121212 -0.0288132790984848 -0.764207058787879 0.0329072161772727 -0.0860447384742424 0.278045439090909 -0.0147229305131818 -0.108369634515152
21 "SITTING" 0.0424169609831765 -0.00161665603176471 0.0039913382917647 0.0503097159294118 -0.809146631647059 0.0683217701176471 0.0612901141882353 0.277539616823529 -0.0144009705494118 -0.112057887741176
22 "SITTING" -0.00310506776290323 -0.0152935294256452 0.0570502921935484 -0.00874391463064516 -0.606494097903226 -0.0624642647935484 -0.2051951285 0.273583822709677 -0.0123468446419355 -0.105827369516129
23 "SITTING" 0.0115616352485294 -0.00224226963529411 0.0360777403426471 -0.0386059614044118 -0.798066761764706 -2.2258617647059e-05 -0.0230392130294118 0.273351251617647 -0.0133945015676471 -0.103808679294118
24 "SITTING" 0.0205587512469118 -0.00503036659779412 -0.00106301174852941 -0.0370440296588235 -0.765209814558824 -0.0426557026279412 -0.0558413695220588 0.273475690147059 -0.0131255097938235 -0.103041061426471
25 "SITTING" 0.00795462410923077 -0.00733065523846154 0.0426911872830769 -0.0504620113735385 -0.701692020615385 -0.0645664581230769 -0.0984975363846154 0.278541482461538 -0.0147696808030769 -0.109160440476923
26 "SITTING" -0.00026885276025641 0.0334113465417949 -0.00143055610282051 -0.0506427197858974 -0.564801133448718 -0.0779302425448718 -0.207419646512821 0.258243530166667 -0.00713364541358974 -0.0974448692333333
27 "SITTING" -0.000321402391857144 0.0256382561075714 0.02180281181 -0.0520481359642857 -0.630309218285714 -0.0662284828 -0.178206664085714 0.273941302571429 -0.0155269799285714 -0.105521912588571
28 "SITTING" 0.0123677880686111 0.00766235295972222 -0.00447454344166667 -0.0153563357611111 -0.689362179583333 0.160675070619306 -0.0763153267916667 0.276977629444444 -0.0185404441258333 -0.111517939555556
29 "SITTING" 0.0203556366216667 0.00583557285 0.00135533348666667 -0.0535719711003333 -0.671099939833333 -0.0233932289533333 -0.181737384166667 0.2771799775 -0.016630680375 -0.1104118192
30 "SITTING" -0.0151925479935484 0.0458753732667742 -0.00759988451290322 -0.020855540333871 -0.596305441612903 0.00103946516129032 -0.227534606129032 0.268336081379032 -0.00804731295322581 -0.099515446133871
1 "STANDING" -0.000222340747169812 0.021963782690566 -0.0337938382037736 -0.0279229321962264 -0.743407887924528 0.270175032830189 0.0122528503773585 0.278917629056604 -0.0161375901037736 -0.110601817735849
2 "STANDING" -0.013681915312963 0.0411822244577778 -0.0151035161722222 0.11232464912963 -0.627180076111111 0.337937911666667 -0.0678959805833333 0.277911472222222 -0.0184208270166667 -0.105908536055556
3 "STANDING" 0.00772770563770492 0.0246545250622951 0.00979910903278689 -0.0505440714639344 -0.71190381557377 0.289824125737705 0.00457098377868852 0.280046513278689 -0.0143376555065574 -0.101621722633148
4 "STANDING" 0.0147312363133929 0.0045729088625 0.101339340914286 0.0257192449821429 -0.831044401607143 0.135778706071429 -0.0951347515892857 0.280499745892857 -0.00948911098553571 -0.0961574905535714
5 "STANDING" -0.00860856932142857 -0.00572224394107143 0.0866990453375 -0.0828789318410714 -0.862767277857143 0.110446445178571 -0.0754509648214286 0.282544390892857 -0.00700418554517857 -0.102171095696429
6 "STANDING" 0.0123494545684211 -0.00737862488596491 0.0672693934912281 0.0586938250175439 -0.759500275087719 0.240854577192982 0.0121273275736842 0.280346248596491 -0.0181236327175439 -0.112172831947368
7 "STANDING" 0.0102468976660377 -0.0238336055150943 -0.075886457490566 -0.00760634756603773 -0.81912357754717 0.164011262264151 0.0579886623962264 0.282723539433962 -0.0145740341037736 -0.0997778303207547
8 "STANDING" 0.0258949006127778 -0.00820462124444444 0.0152465735555556 -0.0319347857407407 -0.840839661296296 0.145565477037037 0.0905212998148148 0.279620986111111 -0.0148113067148148 -0.106114996837037
9 "STANDING" 0.0116017230222222 0.00486631672888889 0.0457096772222222 0.0328201066444444 -0.859607609333333 0.0909985561777778 0.0154296719333333 0.282310057333333 -0.0200454954022222 -0.0952747481333333
10 "STANDING" -0.0137904686068182 0.0303705889893182 0.03361076375 0.114195806227273 -0.817648123636364 0.112597078427273 -0.00256864090227273 0.276650300681818 -0.0155418603409091 -0.107964083931818
11 "STANDING" -0.00231669177765958 -0.0139522134659574 0.0185935504468085 0.0126784429404255 -0.801986404255319 0.201762944893617 -0.0668709773829787 0.277715562765957 -0.0171990886595745 -0.108686630425532
12 "STANDING" 0.00891991761311475 0.0123418553803279 0.0289201456934426 -0.013212840047541 -0.792684913278689 0.232979146393443 0.0491145447693443 0.277405834918033 -0.0169002543196721 -0.105526999754098
13 "STANDING" 0.0144234182722807 -0.0235598900684211 0.0407220729824561 -0.0309467302614035 -0.741685939122807 0.247241071929825 0.0582448749219298 0.277758431052632 -0.0167891993964912 -0.112124137754386
14 "STANDING" 0.00742967239083333 0.017584753905 -0.102584280416667 -0.00588886871333333 -0.6015810145 0.2380634805 0.260358891666667 0.280545613833333 -0.01520781344 -0.103817701790667
15 "STANDING" -0.00231995023396226 0.0222929098130189 0.0618239320358491 0.130430724509434 -0.841919933584906 0.196111096792453 -0.0231407098028302 0.278915803962264 -0.0183516360396226 -0.105910832679245
16 "STANDING" 0.00591798000538462 0.0410077142538462 0.0368086385512821 -0.00384551201153846 -0.788613521153846 0.123302384871795 0.138687314961538 0.283497402948718 -0.0165999672935897 -0.103657729076923
17 "STANDING" 0.0151142472629487 0.00301967217179487 0.0443821693333333 0.0704568026666667 -0.66226282474359 0.260217512307692 0.164226520641026 0.277942503333333 -0.0174120064169231 -0.111432145565
18 "STANDING" 0.00991716683630137 0.000636839232876713 -0.0325280581041096 -0.00680588488767123 -0.77468191260274 0.223141827534247 0.0557066927123288 0.278458805890411 -0.0166353518150685 -0.108453355945205
19 "STANDING" 0.0134942698739726 0.00551845562821918 0.0134763448589041 0.0363689816575343 -0.76209297260274 0.236858175068493 -0.0690773782876712 0.27817226 -0.0154244056945205 -0.10904190460274
20 "STANDING" 0.0146216248869863 0.00600846000123288 -0.0224480902794521 0.0249852990958904 -0.69701143369863 0.295461318356164 -0.0275259507709589 0.278076904657534 -0.0180695049161644 -0.100402759931507
21 "STANDING" 0.0169999900124719 -0.023120938352809 -0.0863232009393258 0.0771729732247191 -0.611235625168539 0.322136212359551 0.166452878988764 0.27695224258427 -0.0167084730205618 -0.110417855808989
22 "STANDING" 0.00462641322539682 0.0194333314460317 0.0311652005079365 -0.0486648156222222 -0.788451559206349 0.238437296507937 -0.000765151707936508 0.279053861587302 -0.0158563207496825 -0.104967423820635
23 "STANDING" 0.0118790023266176 0.0156168896279412 0.0176589417794118 -0.0703326196852941 -0.753773237352941 0.164030936176471 0.180098972514706 0.277899323235294 -0.0177475547867647 -0.1105970177575
24 "STANDING" 0.01294374399 0.0208373898065217 -0.0355583003884058 0.0012171928115942 -0.857865246521739 0.182908385362319 0.0586753424246377 0.280348883913043 -0.0144785340348986 -0.108222553855072
25 "STANDING" -0.00609315455810811 0.0127270486594595 0.00518333306756757 0.0259984624054054 -0.745256263243243 0.192584861621622 -0.120205382366216 0.278013701621622 -0.0163569730274324 -0.107352957594595
26 "STANDING" -0.00521489950959459 0.0272384216905405 0.0256719634454054 0.0115717912027027 -0.853150767162162 0.179639743783784 -0.0398428929606757 0.281127035405405 -0.0166608306652703 -0.110237796416216
27 "STANDING" 0.01721205718025 0.03469933958 -0.03700329040125 0.001785109175 -0.8334225635 0.212369686125 0.025601368792625 0.279566921625 -0.016593236445 -0.107835818025
28 "STANDING" 0.00760995031037975 0.0150505403316456 -0.0841160234303797 0.0690701331189873 -0.767174065189873 0.252996898481013 0.0484423398708861 0.277795069113924 -0.0172635124672152 -0.106579385202532
29 "STANDING" -0.0148216215286154 0.0217420439907692 0.0303103782472308 0.0185604180769231 -0.923515760769231 0.123792900830769 -0.000327698463076923 0.277965065846154 -0.0172605869061538 -0.108659067476923
30 "STANDING" 0.0172814371937288 0.00416689158813559 0.0515530729949153 0.0328841816898305 -0.878159091355932 0.152285940677966 0.00469988878042373 0.277112699152542 -0.0170163887813559 -0.108756209835593
1 "WALKING" 0.0604537474147368 -0.00793037848421052 0.0130594907157895 -0.0187431910452632 -0.729247201052632 0.276953023473684 0.0688589119894737 0.277330758736842 -0.0173838185273684 -0.111148103547368
2 "WALKING" -0.0301017378813559 0.0534005800847458 0.0216196774508475 -0.0858470827457627 -0.66195998 0.321443011864407 -0.0368892833067797 0.276426586440678 -0.0185949199145763 -0.105500357966102
3 "WALKING" 0.0527502832051724 -0.0763020648793103 0.0968438316206897 -0.0366892195344828 -0.722804013965517 0.262491889655172 0.117403280068966 0.275567462068966 -0.0171767844203448 -0.112674859827586
4 "WALKING" -0.0120097781333333 0.00092110448333333 0.0177813678333333 0.0554159672016667 -0.865284280666667 0.1425101785 -0.0675179863833333 0.278582015166667 -0.0148399475341667 -0.11140306485
5 "WALKING" -0.0322868203928571 -0.0117215775714286 0.0237357261964286 -0.0348937053392857 -0.91711397375 0.152461602857143 0.02003381474925 0.27784234625 -0.0172850317482679 -0.107741776464286
6 "WALKING" -0.0680347059298246 0.00559532819298245 -0.0510580447719298 -0.0818817931526316 -0.806205222982456 0.230443600877193 -0.00130364271742105 0.283658868070175 -0.0168954189082456 -0.110303165877193
7 "WALKING" -0.0236143875614035 -0.00538084219298246 -0.0526936636491228 0.0538950093298246 -0.747765638245614 0.192339300350877 0.135380525087719 0.275592961754386 -0.018653665345614 -0.110912234947368
8 "WALKING" 0.0738615334791667 -0.0331417690625 -0.185503909375 0.045002304125 -0.684991673958333 0.231918891041667 0.153861202291667 0.27468631 -0.0186628865310417 -0.107252090833333
9 "WALKING" -0.0259657901346154 0.0623476589538462 0.121321075826923 -0.0265764240576923 -0.844514789230769 0.105281462134615 0.103849947479269 0.278502842115385 -0.0180891971284423 -0.110820512307692
10 "WALKING" -0.0198411322830189 -0.0428316086415094 -0.125263284139623 0.0990779386943396 -0.858275735471698 0.141082256018868 -0.0165720954830189 0.278574076603774 -0.017022351190566 -0.109057512132075
11 "WALKING" 0.0619381137627119 -0.0436671078627119 0.0579730796779661 0.0128608812542373 -0.770427852881356 0.228650907627119 -0.0716213475762712 0.271821892881356 -0.0166475833623729 -0.106096304033898
12 "WALKING" 0.044980068738 0.0160849354 0.17552942728 -0.097263564 -0.8602325152 0.1903506524 0.04684284012 0.2771286656 -0.015560927606 -0.10316110632
13 "WALKING" 0.0124904895157895 0.011902906 0.0222450741614035 0.0335795302807018 -0.670859876315789 0.277956892631579 0.113777056904404 0.275883130350877 -0.0185660651947368 -0.111431456192982
14 "WALKING" 0.0594629443644068 0.00846107225254238 -0.0667097349779661 0.0667402088518644 -0.497783361864407 0.269740565084746 0.325065094745763 0.271959598644068 -0.0217785380966102 -0.106756369135593
15 "WALKING" 0.0113831357222222 -0.0788266042777778 0.0405576878518518 -0.128636380174074 -0.778195970555556 0.243545333703704 -0.0307724957055556 0.273899207962963 -0.0170809740090741 -0.107621819518519
16 "WALKING" 0.014808426 0.0100011474509804 -0.109617479829412 0.0878579411176471 -0.734720621176471 0.129418360588235 0.174356318431373 0.276023564509804 -0.0204286929452941 -0.108804049803922
17 "WALKING" 0.0631849965737705 -0.00860624890163935 0.0733299990819672 0.0101386455737705 -0.727020840163934 0.207186541803279 0.155074008229508 0.272341855245902 -0.0184875403339344 -0.109792122032787
18 "WALKING" 0.0392682820178571 0.0230035141785714 0.0191852722589286 -0.0632236084642857 -0.714313245892857 0.258089346428571 0.0647930851785714 0.273887758571429 -0.0178023631866071 -0.104218315464286
19 "WALKING" -0.0347371576365385 0.00980404751923077 0.0110769714807692 -0.0306780626346154 -0.766280999038462 0.23758545 0.0847615795576923 0.273931172307692 -0.0191773587903846 -0.122736673192308
20 "WALKING" -0.00401248347058823 0.0302966773176471 -0.00410840288235294 -0.0507534771176471 -0.665519646862745 0.322447638431373 0.0462280993401961 0.272589336470588 -0.021199992245098 -0.113539477098039
21 "WALKING" -0.00341850440384616 -0.01283037275 0.0148503607692308 -0.0623046498461538 -0.581070944807692 0.340237707884615 0.176041617115385 0.279183526730769 -0.0181610317526923 -0.104319332403846
22 "WALKING" -0.00700273821739131 0.0411484050869565 -0.0882211719565217 0.0508926570863044 -0.748809057173913 0.262107576956522 0.0054581015 0.27886459 -0.0167213607957174 -0.107112510934783
23 "WALKING" 0.0304546177791525 -0.0766106376715254 0.0274852541694915 -0.0703351409440678 -0.784798045254237 0.194885322372881 0.134716005084746 0.273211884237288 -0.0183618711932203 -0.113382994084746
24 "WALKING" -0.00303003688275862 -0.102713928482759 0.0465671147068966 -0.137551607358621 -0.830330757068966 0.162412044137931 0.120121440172414 0.276980816034483 -0.0225446400534483 -0.110595952913793
25 "WALKING" -0.0313601189563514 0.0971389151824324 0.034640032472973 0.0269911246081081 -0.778510625675676 0.170914295810811 -0.111244249918919 0.278992759054054 -0.0186477624716216 -0.108737636297297
26 "WALKING" 0.0467814119830509 -0.00473099461016949 -0.0325032479491525 -0.0281317273728813 -0.84921665779661 0.175450599830508 -0.054232685440678 0.279264443728814 -0.0154259586949153 -0.108927011474576
27 "WALKING" 0.0125394930526316 0.0248390150824561 0.132261637894737 -0.11575159945614 -0.780893732982456 0.21187518122807 0.110064619157895 0.276849485438596 -0.0166478783221912 -0.112822289263158
28 "WALKING" 0.00631194320370369 -0.0430248398888889 0.112201222111111 0.0109290042962963 -0.756715662592593 0.240524462592593 0.1093028185 0.281228223888889 -0.0156759722981481 -0.103714705396296
29 "WALKING" 0.0693133134301887 -0.0579199534415094 -0.0795204204528302 0.0167808426037736 -0.86177123 0.170953057735849 -0.0450589469735849 0.271999916792453 -0.0162915600588679 -0.106632427301887
30 "WALKING" 0.0530152821107692 -0.0152830439430769 0.0157766417384615 -0.0720167968446154 -0.861322936769231 0.191625551538462 0.0244499703709231 0.276406758 -0.0175880385730769 -0.0986247068969231
1 "WALKING_DOWNSTAIRS" -0.00269512515918367 0.0899316865510204 0.0633382849183673 -0.0399768458163265 -0.744483753469388 0.267245784693878 0.0650047072244898 0.289188320408163 -0.00991850461020408 -0.107566190908163
2 "WALKING_DOWNSTAIRS" -0.0243291092914894 -0.00637550521276596 0.366551180212766 -0.073580298587234 -0.624985569787234 0.311800312978723 0.0537293985574468 0.27761534806383 -0.0226614158361702 -0.116812942382979
3 "WALKING_DOWNSTAIRS" -0.0475794238163265 -0.0108494994238776 0.313783896122449 -0.077283993244898 -0.766823525918367 0.240927177346939 0.0932212612040816 0.292423484693878 -0.0193554079328571 -0.116139842908163
4 "WALKING_DOWNSTAIRS" 0.000633759377777773 -0.0525297218666667 0.353626044222222 -0.0625619543688889 -0.852409054444444 0.1265381706 -0.0832015467555555 0.279965329555556 -0.00980200850666667 -0.1067775246
5 "WALKING_DOWNSTAIRS" -0.0397384617021277 -0.0414008516170213 0.123686466212766 -0.00140446813617022 -0.947116527659574 0.125876924702128 0.00648109544829787 0.29354392712766 -0.00850107533191489 -0.100319930659574
6 "WALKING_DOWNSTAIRS" -0.0453085168958333 -0.0358369679166667 0.312706787791667 -0.207129263041667 -0.804077122291667 0.232771541666667 0.0239615746072917 0.277045258145833 -0.019536840063125 -0.107209356208333
7 "WALKING_DOWNSTAIRS" -0.0386153597021277 -0.0307260213404255 0.259901814042553 -0.100218023523404 -0.778027535744681 0.17298945106383 0.1316399086 0.28030708 -0.0166332372978723 -0.096938308587234
8 "WALKING_DOWNSTAIRS" -0.0143680611052632 -0.119465358184211 0.265290535078947 -0.161871531676316 -0.734180207105263 0.213262025526316 0.123085450154737 0.283484089210526 -0.0211058674973684 -0.107598135394737
9 "WALKING_DOWNSTAIRS" -0.112277655214286 -0.0921238957047619 0.201647894145714 -0.0711949931095238 -0.87432492047619 0.1080891515 0.0810164383095238 0.295923445 -0.0203994269075476 -0.0910278793952381
10 "WALKING_DOWNSTAIRS" -0.0333449637368421 -0.03416183895 0.277642295578947 -0.0701917751421053 -0.877914983947368 0.128310641026316 -0.00811530789386842 0.290401594315789 -0.0200050770710526 -0.110848597247368
11 "WALKING_DOWNSTAIRS" -0.0465072536521739 0.0251428884217391 0.297576119782609 -0.223672056052174 -0.780245904347826 0.221263763913043 -0.0709612617173913 0.291605631956522 -0.0178097721219565 -0.111070149978261
12 "WALKING_DOWNSTAIRS" -0.0265533425217391 0.0328773766739131 0.380694036521739 -0.220640292436957 -0.828474130434783 0.206774836956522 0.0610767198478261 0.281521097391304 -0.018084266865793 -0.10955593226087
13 "WALKING_DOWNSTAIRS" -0.0477491987 0.0220198444893617 0.26126376212766 -0.129205690319149 -0.764965780212766 0.228575047234043 0.0880783817580851 0.294907553404255 -0.0143723839108511 -0.101993941531915
14 "WALKING_DOWNSTAIRS" 0.00354991522222222 0.106421773333333 0.0597397677777778 0.00564980115555555 -0.526550287333333 0.266238826444444 0.303781233333333 0.293422115555556 -0.0200141413657778 -0.0928330165533333
15 "WALKING_DOWNSTAIRS" 0.0334675068309524 0.0167093419811905 0.306097728642857 -0.130835428642857 -0.829411894285714 0.200250656666667 -0.034021550472619 0.280198851190476 -0.00563047804309524 -0.110526066428571
16 "WALKING_DOWNSTAIRS" -0.163042575021277 -0.0449862704468085 0.12649939587234 -0.0557949436914894 -0.731151421702128 0.123723224093617 0.180955706382979 0.295586802191489 -0.0183898583787234 -0.119873705148936
17 "WALKING_DOWNSTAIRS" -0.0617784494130435 -0.120553975717391 -0.0798154573913044 0.00739991945652174 -0.754580714565217 0.18768213 0.135724922673913 0.29391828326087 -0.0167359404347826 -0.0892432745173913
18 "WALKING_DOWNSTAIRS" -0.0270513275454545 -0.0321249909363636 0.124796231545455 -0.0583528372090909 -0.743605738727273 0.238556966545455 0.0564579905272727 0.288439468909091 -0.0168666920221818 -0.1033908092
19 "WALKING_DOWNSTAIRS" 5.44181692307714e-05 0.0187805524358974 0.444101172307692 -0.0465227397435897 -0.741842548461538 0.236000626923077 0.114011882 0.262688053871795 -0.0145942275069487 -0.133695240660974
20 "WALKING_DOWNSTAIRS" -0.0553990875311111 0.0429476564444444 0.2715168114 -0.0869661038 -0.725888626888889 0.275497021555556 0.0414395443846667 0.296144421355556 -0.00964120773155556 -0.104602925937778
21 "WALKING_DOWNSTAIRS" 0.0325317716666667 -0.0416673577777778 0.345962371111111 -0.06503926268 -0.609997020444444 0.331093236666667 0.153317356444444 0.3014610196 -0.0173195390157778 -0.09816866218
22 "WALKING_DOWNSTAIRS" -0.0477293001888889 -0.0517115658333333 0.2258319625 0.0289312474444444 -0.774881513611111 0.238387356388889 -0.00753626194444445 0.284458963861111 -0.0197999371686389 -0.1074157796
23 "WALKING_DOWNSTAIRS" -0.0787097195925926 -0.0309622597407407 0.139336003333333 0.0263468348703704 -0.816592367407407 0.160335424259259 0.131746438444444 0.289897411148148 -0.0162111457238889 -0.0988123712574074
24 "WALKING_DOWNSTAIRS" -0.0563071787363636 0.00706070274545454 0.0551508812727273 -0.0379216355272727 -0.819838803818182 0.171762154727273 0.1200578956 0.288631208909091 -0.0145730348310909 -0.104818820272727
25 "WALKING_DOWNSTAIRS" -0.0710775796206897 -0.0854018992413793 0.0191770764655172 0.050637295862069 -0.779900815862069 0.133510786896552 -0.133506944172414 0.291329666206897 -0.0210170522987931 -0.107192376965517
26 "WALKING_DOWNSTAIRS" 0.076784770398 -0.0461740932 0.0329273354 0.0299250040002 -0.8435735374 0.1388694382 -0.0868762146 0.2792845828 -0.01262580966778 -0.1064396194
27 "WALKING_DOWNSTAIRS" -0.109720268022727 0.000934885772727272 0.322535211136364 -0.165675378727273 -0.776271949318182 0.198441892954545 0.121082833318182 0.2975441875 -0.0135564467159091 -0.112837694688636
28 "WALKING_DOWNSTAIRS" -0.13313541226087 -0.049665982673913 0.272631873347826 -0.168532357223913 -0.750481451521739 0.246322557391304 0.106981081586957 0.293642076521739 -0.0220230465913043 -0.10858897408913
29 "WALKING_DOWNSTAIRS" -0.0602061182708333 0.0681507695833333 0.125170537629792 -0.113882761572917 -0.896443993958333 0.136459860416667 -0.0434252902375 0.293140441083333 -0.01494121505625 -0.0981339984895833
30 "WALKING_DOWNSTAIRS" 0.00656996201435484 -0.0615355431774194 0.0811338125806452 -0.108973571203387 -0.883136180645161 0.170911323870968 0.00139127310645161 0.283190646967742 -0.0174383900204839 -0.0999781422322581
1 "WALKING_UPSTAIRS" 0.0960860761792453 -0.0610838413018868 -0.194699963113208 0.0656835692641509 -0.647195664339623 0.334763277358491 0.0741663682075472 0.255461689622641 -0.0239531492643396 -0.0973020020943396
2 "WALKING_UPSTAIRS" 0.0946511080666667 -0.00775466904166667 0.01538156125 -0.081031303125 -0.477698945416667 0.373749042708333 0.165147457953125 0.247164790395833 -0.0214121132045833 -0.152513899520833
3 "WALKING_UPSTAIRS" 0.0134885571016949 0.115176801183051 -0.263078223220339 0.0303992495084746 -0.600971375423729 0.346985015762712 0.134293701288136 0.260819873067797 -0.0324109410555932 -0.110064863437288
4 "WALKING_UPSTAIRS" 0.0592051541692308 -0.00506236538461539 -0.246559359423077 0.0535172503461538 -0.775483533076923 0.243389231923077 -0.0368022039115385 0.270876696730769 -0.0319804295729615 -0.114219455519231
5 "WALKING_UPSTAIRS" -0.0204224405851064 -0.0772287023617021 -0.293346475531915 0.112446922106383 -0.754346294893617 0.266611003404255 0.0378686889744681 0.268459469914894 -0.0325269755153191 -0.107471453914894
6 "WALKING_UPSTAIRS" 0.00864138094705883 0.00321117401960784 0.128194466470588 -0.0993653566196078 -0.679096001568627 0.318508028823529 0.0345334914843137 0.268229355098039 -0.0272425385070588 -0.122082438784314
7 "WALKING_UPSTAIRS" 0.0175799693921569 0.0140026345745098 0.106104406862745 -0.117697297115686 -0.519312376666667 0.248699244117647 0.312061603254902 0.248706923078431 -0.0275639005607843 -0.143769688803922
8 "WALKING_UPSTAIRS" 0.0767267882926829 -0.0979335780731707 -0.389305120341463 0.0663775281158537 -0.613935211219512 0.285922798780488 0.160697390356098 0.258880152048781 -0.0282415136341463 -0.11512211995122
9 "WALKING_UPSTAIRS" 0.129153963587755 0.00188403497959184 0.0931479457142857 0.00109297840408163 -0.704793909183673 0.109375558383673 0.212332932142857 0.262436475714286 -0.0195101099975714 -0.125219003959184
10 "WALKING_UPSTAIRS" 0.110293662446809 -0.00753000246808511 -0.263603869021277 0.153637457706383 -0.792289522978723 0.121840871425532 0.00579155151340426 0.267121853404255 -0.0143854920340426 -0.118180420834043
11 "WALKING_UPSTAIRS" -0.0168575571111111 -0.0632903681592593 -0.00955657777777778 -0.0708590174814815 -0.645453650555556 0.321428288888889 -0.0805376936666667 0.263775859277778 -0.0303157822055556 -0.106797216481481
12 "WALKING_UPSTAIRS" 0.052339373075 0.0388568273076923 0.0959064265384615 -0.0899947208269231 -0.740688259615385 0.261185188461538 0.0705748215448077 0.272970338653846 -0.0263574903403846 -0.107339730115385
13 "WALKING_UPSTAIRS" 0.0134427051454545 0.0436485618036364 0.146500936 -0.0335896854254545 -0.560140364545455 0.330945829818182 0.1690195284 0.258203939581818 -0.0277392253910909 -0.125767265890909
14 "WALKING_UPSTAIRS" 0.072254155537037 -0.00915395983333333 -0.223951414444444 0.133237047185185 -0.37967443537037 0.311607140555556 0.390444368518519 0.26242106612963 -0.0204388180024074 -0.112279688983333
15 "WALKING_UPSTAIRS" 0.0443572382083333 -0.0221758428125 -0.3663517925 0.167930232770833 -0.696282654166667 0.300676034583333 -0.0346700269020833 0.270187595833333 -0.0287523860708333 -0.116952464895833
16 "WALKING_UPSTAIRS" 0.0238927530392157 0.0808783829 -0.269905448235294 0.175222850392157 -0.545576641372549 0.138773099601961 0.293497544705882 0.255986102627451 -0.0143654945011765 -0.124074517745098
17 "WALKING_UPSTAIRS" 0.0589956285104167 0.0683932524979167 -0.0275795836041667 0.105621270333333 -0.572547818333333 0.279992530833333 0.23325887375 0.252604768583333 -0.0228645614308333 -0.121290442104167
18 "WALKING_UPSTAIRS" 0.0145957021172414 0.0709435610091379 0.0481783979310345 -0.120113838534483 -0.634012999827586 0.302327241896552 0.0969887787413793 0.265401201896552 -0.0222060684378914 -0.112655891327586
19 "WALKING_UPSTAIRS" 0.0217096617725 0.00585621357499999 -0.235635805125 -0.004332930875 -0.54383051775 0.3529176155 0.1793526235 0.242118808925 -0.0303986615775 -0.151054607725
20 "WALKING_UPSTAIRS" 0.00577248834509804 -0.0550380312745098 -0.321605242941176 0.0935845972392157 -0.472420544509804 0.42476122745098 0.114237177876471 0.252098317156863 -0.0282258047588235 -0.121023947784314
21 "WALKING_UPSTAIRS" -0.031592032893617 -0.0664956520638298 -0.217555238085106 0.1652581083 -0.467414943829787 0.386758519148936 0.241093136595745 0.265194544680851 -0.0237218695148936 -0.125414265340426
22 "WALKING_UPSTAIRS" 0.0440866626738095 -0.0592812958095238 -0.312935454047619 0.0874484139761905 -0.656388436904762 0.317875941428571 0.0891294692238095 0.248391534566667 -0.0268622561133333 -0.117550861738095
23 "WALKING_UPSTAIRS" 0.0310652768554902 0.0332454765882353 -0.311531826862745 0.0614662024705882 -0.585360400392157 0.232358364313726 0.277962284705882 0.249995171031373 -0.0323844029237255 -0.126890616782353
24 "WALKING_UPSTAIRS" -0.0190694556338983 -0.00932266703898305 -0.197302296508475 0.182384802705085 -0.682918761186441 0.247122399830508 0.181479912372881 0.269881106779661 -0.0251979434569492 -0.114248610966102
25 "WALKING_UPSTAIRS" 0.0137047529692308 0.0261519510461538 -0.201479438307692 0.0562698672615385 -0.750122416615385 0.233730368 -0.0545542417876923 0.277995411384615 -0.0269863524264615 -0.126210440292308
26 "WALKING_UPSTAIRS" 0.0418995553890909 0.0466143060363636 -0.138231470909091 -0.0235172304854545 -0.775023344545455 0.253034782909091 0.0231785948890909 0.272691394545455 -0.0281633797398182 -0.121943461236364
27 "WALKING_UPSTAIRS" 0.0302610459509804 0.0173688089411765 0.0361343766666667 -0.0322198925215686 -0.624493001372549 0.241188973137255 0.232688028039216 0.265770253921569 -0.0200953324078431 -0.123530438196078
28 "WALKING_UPSTAIRS" 0.0617588462745098 0.050281174772549 0.099432944627451 -0.0369654482882353 -0.582762521568627 0.314725065882353 0.209000813137255 0.262005841764706 -0.0279443943478431 -0.121514025692157
29 "WALKING_UPSTAIRS" 0.0555661945040816 -0.0594013960816327 -0.300314023673469 0.122922641102041 -0.785485346122449 0.241437145306122 -0.00950628416938775 0.265423066877551 -0.0299465312326531 -0.118000587840816
30 "WALKING_UPSTAIRS" -0.000180217029230768 0.0868940141184615 -0.0362012018153846 0.0174888582661538 -0.790114314461538 0.240975413230769 0.0373906500215385 0.271415642261538 -0.0253311698786154 -0.124697493775385
